15
3.3997 457.73 -0.0539 1.9300 -1.0100 -1.6000
3.3997 359.824 -0.0771 1.8900 -1.0400 -0.1100
3.3997 359.824 -0.1305 2.9200 -1.6300 0.6100
3.3997 359.824 -0.1268 2.8800 -1.6500 2.0000
3.3997 359.824 -0.1350 1.8000 -1.0800 2.6800
3.3997 359.824 -0.1268 0.7600 -0.4800 1.9600
3.3997 359.824 -0.1305 0.8100 -0.4600 0.5600
2.6495 65.6888 0.0436 2.4400 -0.1100 -1.9500
2.6495 65.6888 0.0436 2.4600 -1.8900 -1.9900
2.6495 65.6888 0.0436 0.9200 -1.0400 -2.0300
2.5996 62.76 0.1302 3.7700 -2.0800 0.0900
2.5996 62.76 0.1298 3.6900 -2.1200 2.5600
2.5996 62.76 0.1298 1.7700 -1.1000 3.7600
2.5996 62.76 0.1298 -0.0800 -0.0400 2.4800
2.5996 62.76 0.1302 -0.0100 0.0000 0.0100
