12
3.3997 457.73 -0.0811 0.4400 -0.3500 0.9400
3.3997 457.73 -0.0135 1.8500 -0.8700 0.7300
3.5636 1046 -0.2944 2.9300 0.4500 0.0900
3.3997 457.73 -0.0401 4.4600 -0.5000 -0.0200
2.6495 65.6888 0.0450 -0.2200 -1.1300 1.3300
2.6495 65.6888 0.0450 0.4200 0.5000 1.6300
2.6495 65.6888 0.0450 0.0300 -0.0100 -0.0200
2.4714 65.6888 0.0545 1.8500 -1.7000 0.0200
2.4714 65.6888 0.0545 2.2600 -1.2300 1.6800
2.4714 65.6888 0.0617 5.2600 0.1400 -0.4000
2.4714 65.6888 0.0617 4.3200 -1.3500 -0.7000
2.4714 65.6888 0.0617 4.7400 -0.8800 0.9700
