12
3.3997 457.73 -0.0846 0.6300 0.2700 0.8500
3.3997 457.73 -0.1521 1.0500 -0.9600 1.6400
3.3997 359.824 0.6595 -0.1400 -1.7300 2.1800
2.9599 878.64 -0.6076 -1.3100 -1.4000 2.0200
3.2500 711.28 -0.6867 0.2500 -2.8500 2.8900
2.6495 65.6888 0.0459 1.5100 0.8000 0.4800
2.6495 65.6888 0.0459 -0.0000 0.0000 0.0000
2.6495 65.6888 0.0459 0.0600 0.9600 1.4800
2.6495 65.6888 0.0579 1.6900 -0.6600 2.4800
2.6495 65.6888 0.0579 1.6300 -1.6300 0.9900
1.0691 65.6888 0.3090 1.2200 -3.1000 3.0200
1.0691 65.6888 0.3090 -0.4500 -3.4600 3.3200
