16
3.3997 457.73 -0.0482 1.9300 -1.0100 -1.6000
3.3997 359.824 -0.1125 1.8900 -1.0400 -0.1100
3.3997 359.824 -0.0949 2.9200 -1.6300 0.6100
3.3997 359.824 -0.1814 2.8800 -1.6500 2.0000
3.3997 359.824 0.1182 1.8000 -1.0800 2.6800
3.3997 359.824 -0.1814 0.7600 -0.4800 1.9600
3.3997 359.824 -0.0949 0.8100 -0.4600 0.5600
3.0665 880.314 -0.4985 1.7600 -1.1000 4.0400
2.6495 65.6888 0.0425 2.4400 -0.1100 -1.9500
2.6495 65.6888 0.0425 2.4600 -1.8900 -1.9900
2.6495 65.6888 0.0425 0.9200 -1.0400 -2.0200
2.5996 62.76 0.1332 3.7700 -2.0800 0.0900
2.5996 62.76 0.1409 3.6900 -2.1200 2.5600
2.5996 62.76 0.1409 -0.0800 -0.0400 2.4700
2.5996 62.76 0.1332 -0.0100 0.0000 0.0100
0.0000 0 0.4179 0.9500 -0.6700 4.3500
