14
3.3997 457.73 -0.0897 0.6600 -0.3800 -0.7900
3.3997 457.73 -0.0705 0.1000 -0.0600 -2.1700
3.3997 457.73 -0.0897 -0.0700 1.4500 -2.3400
3.3997 457.73 -0.0897 1.0000 -0.6300 -3.2600
2.6495 65.6888 0.0328 0.7900 -1.4600 -0.6500
2.6495 65.6888 0.0328 1.6400 0.1000 -0.6400
2.6495 65.6888 0.0328 -0.0100 -0.0100 0.0000
2.6495 65.6888 0.0443 -0.8900 -0.5300 -2.2600
2.6495 65.6888 0.0328 -0.4700 1.6900 -3.3300
2.6495 65.6888 0.0328 0.8900 1.9600 -2.2300
2.6495 65.6888 0.0328 -0.7500 1.8500 -1.5900
2.6495 65.6888 0.0328 0.6100 -0.4100 -4.2600
2.6495 65.6888 0.0328 1.0900 -1.7200 -3.1600
2.6495 65.6888 0.0328 2.0100 -0.2100 -3.1900
