14
3.3997 457.73 -0.0921 0.4100 -0.7300 0.7100
3.3997 457.73 -0.0805 1.6400 -0.1800 1.4100
3.3997 457.73 -0.0805 1.3200 1.0900 2.2000
3.3997 457.73 -0.0921 2.5500 1.6400 2.9000
2.6495 65.6888 0.0324 0.6400 -1.6400 0.1500
2.6495 65.6888 0.0324 -0.3800 -0.9700 1.4300
2.6495 65.6888 0.0324 0.0100 0.0100 0.0000
2.6495 65.6888 0.0377 2.0400 -0.9500 2.0900
2.6495 65.6888 0.0377 2.4100 0.0300 0.6600
2.6495 65.6888 0.0377 0.9200 1.8500 1.5200
2.6495 65.6888 0.0377 0.5400 0.8800 2.9400
2.6495 65.6888 0.0324 2.3100 2.5500 3.4600
2.6495 65.6888 0.0324 3.3200 1.8800 2.1600
2.6495 65.6888 0.0324 2.9600 0.9000 3.6000
