19
3.3997 457.73 -0.0257 -4.2300 1.7100 4.5400
3.3997 359.824 -0.1329 -3.8600 0.6900 3.5400
3.3997 359.824 -0.0021 -4.5500 -0.4700 3.2700
3.2500 711.28 -0.5847 -3.8800 -1.1400 2.2800
3.3997 359.824 0.0814 -2.7700 -0.4300 1.8900
3.3997 359.824 -0.0893 -2.7300 0.7300 2.6700
3.3997 359.824 -0.0806 -1.6800 1.6400 2.4700
3.3997 359.824 -0.1601 -0.7000 1.3600 1.5000
3.3997 359.824 -0.1132 -0.7700 0.2000 0.7400
3.3997 359.824 -0.1467 -1.8000 -0.7200 0.9300
2.6495 65.6888 0.0390 -4.8900 2.4600 4.0800
2.6495 65.6888 0.0390 -4.7500 1.2500 5.3800
2.6495 65.6888 0.0390 -3.3500 2.2100 4.9400
2.5105 62.76 0.1648 -5.4500 -0.8800 3.7000
1.0691 65.6888 0.4524 -4.1700 -2.0300 1.8900
2.5996 62.76 0.1332 -1.6100 2.5600 3.0500
2.5996 62.76 0.1287 0.1100 2.0700 1.3500
2.5996 62.76 0.1276 -0.0000 0.0000 -0.0000
2.5996 62.76 0.1302 -1.8500 -1.6300 0.3300
