12
3.3997 457.73 -0.1137 -0.2100 0.3000 0.1200
3.3997 359.824 0.3051 0.6600 -0.7800 -0.3600
3.3997 359.824 -0.2579 1.9500 -0.7700 -0.8300
3.2500 711.28 -0.3258 2.3500 -2.0400 -1.1800
3.3997 359.824 0.3889 1.3100 -2.8000 -0.9400
3.2500 711.28 -0.6683 0.2600 -2.0800 -0.4400
2.6495 65.6888 0.0461 -0.0900 0.4100 1.2100
2.6495 65.6888 0.0461 0.0400 1.2500 -0.3600
2.6495 65.6888 0.0461 -1.2600 0.0900 -0.1000
2.5105 62.76 0.1757 2.6500 0.0500 -0.9400
1.0691 65.6888 0.2986 3.2600 -2.3000 -1.5500
2.4215 62.76 0.0591 1.2800 -3.8700 -1.1000
